#
#"Frequency / THz"	"Total ACS [pw] [Magnitude / nm^2]"
#-----------------------------------------------------
400.00000000000	619.67981377955
401.00000000000	586.01230845569
402.00000000000	539.20420591892
403.00000000000	481.13921070912
404.00000000000	413.89527967251
405.00000000000	339.73333943979
406.00000000000	260.98911540153
407.00000000000	180.02770059813
408.00000000000	99.173726311706
409.00000000000	20.656640854206
410.00000000000	0.0000000000000
411.00000000000	0.0000000000000
412.00000000000	0.0000000000000
413.00000000000	0.0000000000000
414.00000000000	0.0000000000000
415.00000000000	0.0000000000000
416.00000000000	0.0000000000000
417.00000000000	0.0000000000000
418.00000000000	0.0000000000000
419.00000000000	0.0000000000000
420.00000000000	0.0000000000000
421.00000000000	0.0000000000000
422.00000000000	0.0000000000000
423.00000000000	0.0000000000000
424.00000000000	0.0000000000000
425.00000000000	0.0000000000000
426.00000000000	11.662219634007
427.00000000000	69.524768678211
428.00000000000	125.84069767798
429.00000000000	179.16260089492
430.00000000000	228.18909271442
431.00000000000	271.76695058934
432.00000000000	308.93418175807
433.00000000000	338.93265037655
434.00000000000	361.22517820308
435.00000000000	375.48951470217
436.00000000000	381.64130273725
437.00000000000	379.81474939973
438.00000000000	370.35129624561
439.00000000000	353.79176441735
440.00000000000	330.84134112961
441.00000000000	302.36344245938
442.00000000000	269.34175890886
443.00000000000	232.85467198983
444.00000000000	194.03627536363
445.00000000000	154.05686569737
446.00000000000	114.07735288092
447.00000000000	75.232548219332
448.00000000000	38.591471916716
449.00000000000	5.1333865543002
450.00000000000	0.0000000000000
451.00000000000	0.0000000000000
452.00000000000	0.0000000000000
453.00000000000	0.0000000000000
454.00000000000	0.0000000000000
455.00000000000	0.0000000000000
456.00000000000	0.0000000000000
457.00000000000	0.0000000000000
458.00000000000	0.0000000000000
459.00000000000	0.0000000000000
460.00000000000	0.0000000000000
461.00000000000	18.147839047843
462.00000000000	50.158385474253
463.00000000000	84.087096429277
464.00000000000	119.03792995677
465.00000000000	154.10107753776
466.00000000000	188.39267900605
467.00000000000	221.06714157709
468.00000000000	251.34371236821
469.00000000000	278.51869692426
470.00000000000	301.99207838093
471.00000000000	321.26967850292
472.00000000000	335.99160599724
473.00000000000	345.91554066870
474.00000000000	350.94387282725
475.00000000000	351.10586486840
476.00000000000	346.56493186439
477.00000000000	337.60889506324
478.00000000000	324.63574651114
479.00000000000	308.15026376314
480.00000000000	288.74102690210
481.00000000000	267.06880047869
482.00000000000	243.84304283816
483.00000000000	219.80576642584
484.00000000000	195.70889063106
485.00000000000	172.30240112531
486.00000000000	150.30041054560
487.00000000000	130.37903625900
488.00000000000	113.14480168401
489.00000000000	99.130315435265
490.00000000000	88.775852618125
491.00000000000	82.417715219619
492.00000000000	80.290923130297
493.00000000000	82.510259377408
494.00000000000	89.077971291199
495.00000000000	99.883023692272
496.00000000000	114.70542812501
497.00000000000	133.22121113152
498.00000000000	155.01784321629
499.00000000000	179.59689856050
500.00000000000	206.39739995726
501.00000000000	234.80436720699
502.00000000000	264.17252795155
503.00000000000	293.83382510689
504.00000000000	323.12341996838
505.00000000000	351.39528156942
506.00000000000	378.03715462469
507.00000000000	402.48926266041
508.00000000000	424.25489707596
509.00000000000	442.91587908145
510.00000000000	458.14328840341
511.00000000000	469.70476129213
512.00000000000	477.47151243509
513.00000000000	481.41797623972
514.00000000000	481.62605151751
515.00000000000	478.28103975391
516.00000000000	471.66444325867
517.00000000000	462.15065709434
518.00000000000	450.19485679733
519.00000000000	436.31945873441
520.00000000000	421.10559098426
521.00000000000	405.17055671485
522.00000000000	389.15780622114
523.00000000000	373.71652650924
524.00000000000	359.48825317314
525.00000000000	347.08849073621
526.00000000000	337.09043563011
527.00000000000	330.01050110581
528.00000000000	326.29688020163
529.00000000000	326.31145824587
530.00000000000	330.33017015617
531.00000000000	338.52832290935
532.00000000000	350.97912914412
533.00000000000	367.65001433039
534.00000000000	388.40802448037
535.00000000000	413.01408861154
536.00000000000	441.13701292835
537.00000000000	472.35856375256
538.00000000000	506.18717310607
539.00000000000	542.06526953317
540.00000000000	579.39012514214
541.00000000000	617.52665657599
542.00000000000	655.82014152993
543.00000000000	693.62086569944
544.00000000000	730.29626962631
545.00000000000	765.24953319064
546.00000000000	797.93687736836
547.00000000000	827.88457480937
548.00000000000	854.70123948259
549.00000000000	878.08057564670
550.00000000000	897.82328783977
551.00000000000	913.84222599611
552.00000000000	926.15847466389
553.00000000000	934.91271948398
554.00000000000	940.35887723129
555.00000000000	942.86495752800
556.00000000000	942.89328668070
557.00000000000	941.00110379191
558.00000000000	937.82995202409
559.00000000000	934.08503804286
560.00000000000	930.52529140421
561.00000000000	927.93986072561
562.00000000000	927.13617372970
563.00000000000	928.90910662507
564.00000000000	934.03085883911
565.00000000000	943.23221087205
566.00000000000	957.18123027375
567.00000000000	976.46391476440
568.00000000000	1001.5777423806
569.00000000000	1032.9135656523
570.00000000000	1070.7380636949
571.00000000000	1115.1962160469
572.00000000000	1166.3030467662
573.00000000000	1223.9451180156
574.00000000000	1287.8788410431
575.00000000000	1357.7418148792
576.00000000000	1433.0630999772
577.00000000000	1513.2585267644
578.00000000000	1597.6648307401
579.00000000000	1685.5537736411
580.00000000000	1776.1483423699
581.00000000000	1868.6503217719
582.00000000000	1962.2597722281
583.00000000000	2056.2126906490
584.00000000000	2149.7778693654
585.00000000000	2242.3049944724
586.00000000000	2333.2440218286
587.00000000000	2422.1680608238
588.00000000000	2508.7902343862
589.00000000000	2592.9853351126
590.00000000000	2674.8125001180
591.00000000000	2754.4922419548
592.00000000000	2832.4503467856
593.00000000000	2909.3031764643
594.00000000000	2985.8644100113
595.00000000000	3063.1272071949
596.00000000000	3142.2655871137
597.00000000000	3224.6224271841
598.00000000000	3311.6459407414
599.00000000000	3404.9137611085
600.00000000000	3506.0854189565
601.00000000000	3616.8729205463
602.00000000000	3739.0009482995
603.00000000000	3874.1728123760
604.00000000000	4024.0526637292
605.00000000000	4190.1646379953
606.00000000000	4373.9145200445
607.00000000000	4576.5264136534
608.00000000000	4799.0117153594
609.00000000000	5042.1307648616
610.00000000000	5306.3615480306
611.00000000000	5591.9015287477
612.00000000000	5898.5673236046
613.00000000000	6225.8534663179
614.00000000000	6572.8925454391
615.00000000000	6938.4537544362
616.00000000000	7320.9439857343
617.00000000000	7718.4169514556
618.00000000000	8128.6125209236
619.00000000000	8548.8966144703
620.00000000000	8976.3705857326
621.00000000000	9407.8831333849
622.00000000000	9840.0619815586
623.00000000000	10269.365994088
624.00000000000	10692.131316338
625.00000000000	11104.658437839
626.00000000000	11503.161270115
627.00000000000	11883.931930027
628.00000000000	12243.360432351
629.00000000000	12577.994479534
630.00000000000	12884.591821498
631.00000000000	13160.178581398
632.00000000000	13402.129038838
633.00000000000	13608.105553911
634.00000000000	13776.208231118
635.00000000000	13904.968356459
636.00000000000	13993.378749373
637.00000000000	14040.913047891
638.00000000000	14047.533750285
639.00000000000	14013.727901538
640.00000000000	13940.409011981
641.00000000000	13829.001006052
642.00000000000	13681.378790015
643.00000000000	13499.841912236
644.00000000000	13287.079934775
645.00000000000	13046.124391904
646.00000000000	12780.317675725
647.00000000000	12493.206810652
648.00000000000	12188.540934098
649.00000000000	11870.188010641
650.00000000000	11542.075257043
651.00000000000	11208.118445124
652.00000000000	10872.168312644
653.00000000000	10537.946295879
654.00000000000	10208.969958759
655.00000000000	9888.5204355205
656.00000000000	9579.5858792775
657.00000000000	9284.8178818333
658.00000000000	9006.4900075292
659.00000000000	8746.4781082833
660.00000000000	8506.2336602275
661.00000000000	8286.7721250749
662.00000000000	8088.6756556062
663.00000000000	7912.0916976579
664.00000000000	7756.7524767715
665.00000000000	7621.9914901546
666.00000000000	7506.7785180877
667.00000000000	7409.7477921304
668.00000000000	7329.2667528384
669.00000000000	7263.4614728372
670.00000000000	7210.2719345523
671.00000000000	7167.5185751114
672.00000000000	7132.9540213734
673.00000000000	7104.3200869526
674.00000000000	7079.3946058255
675.00000000000	7056.0941827481
676.00000000000	7032.4783098873
677.00000000000	7006.8159504666
678.00000000000	6977.6275107484
679.00000000000	6943.7216870674
680.00000000000	6904.2247079643
681.00000000000	6858.5764648469
682.00000000000	6806.6206679742
683.00000000000	6748.5304133402
684.00000000000	6684.8373971904
685.00000000000	6616.4110113511
686.00000000000	6544.4410479876
687.00000000000	6470.4087737119
688.00000000000	6396.0186565517
689.00000000000	6323.2475950434
690.00000000000	6254.2061683064
691.00000000000	6191.1208281388
692.00000000000	6136.2716436083
693.00000000000	6091.9425210527
694.00000000000	6060.3590343304
695.00000000000	6043.5992661382
696.00000000000	6043.6494855815
697.00000000000	6062.2402630628
698.00000000000	6100.8488685136
699.00000000000	6160.6490180198
700.00000000000	6242.4905635153
701.00000000000	6346.8661326450
702.00000000000	6473.8519899416
703.00000000000	6623.2441683579
704.00000000000	6794.4230517102
705.00000000000	6986.4097518800
706.00000000000	7197.8878358659
707.00000000000	7427.2347446550
708.00000000000	7672.5600981903
709.00000000000	7931.6714426937
710.00000000000	8202.3385885810
711.00000000000	8482.1512252126
712.00000000000	8768.6255421299
713.00000000000	9059.2853523541
714.00000000000	9351.7052055885
715.00000000000	9643.5749478528
716.00000000000	9932.6546526095
717.00000000000	10217.111497519
718.00000000000	10495.290713147
719.00000000000	10765.836023495
720.00000000000	11027.722120518
721.00000000000	11280.265230370
722.00000000000	11523.140354229
723.00000000000	11756.244429194
724.00000000000	11980.066381081
725.00000000000	12195.304382130
726.00000000000	12402.921205426
727.00000000000	12604.127159421
728.00000000000	12800.318385046
729.00000000000	12993.009028904
730.00000000000	13183.601765351
731.00000000000	13373.832821194
732.00000000000	13565.183351061
733.00000000000	13758.979221456
734.00000000000	13956.319625403
735.00000000000	14158.004883841
736.00000000000	14364.472422152
737.00000000000	14575.528014233
738.00000000000	14790.960430823
739.00000000000	15009.854695984
740.00000000000	15230.790300699
741.00000000000	15451.839607565
742.00000000000	15670.572686046
743.00000000000	15884.088855229
744.00000000000	16088.780735738
745.00000000000	16281.210357157
746.00000000000	16457.379385713
747.00000000000	16613.083005723
748.00000000000	16743.999216508
749.00000000000	16845.800828137
750.00000000000	16914.293411969
